critical_reading_mean,mathematics_mean,number_of_test_takers,writing_mean
391,425,31,385
394,419,60,387
418,431,69,402
385,370,26,378
0,0,0,0
314,532,154,314
568,583,47,568
411,401,35,401
630,608,138,630
405,415,11,385
422,412,50,407
382,364,51,366
397,415,43,391
424,448,71,423
405,446,49,415
381,373,59,377
411,406,48,411
409,381,35,412
421,419,45,394
401,409,52,391
395,376,49,386
0,0,0,0
465,480,216,448
484,478,42,472
495,465,69,499
523,583,96,528
561,597,108,567
475,488,79,466
454,448,90,435
555,596,122,567
512,554,140,523
369,370,47,359
446,458,250,440
419,429,74,406
379,356,31,354
465,479,90,472
387,394,136,379
0,0,0,0
367,395,54,373
418,463,31,415
381,385,163,368
0,0,0,0
674,735,804,678
451,503,147,453
371,369,31,368
465,454,124,461
411,439,287,396
420,424,88,398
415,405,32,397
0,0,0,0
345,380,31,325
390,385,74,387
404,419,16,395
416,612,47,419
343,465,32,362
372,369,54,368
468,441,57,434
513,460,34,502
400,336,16,376
355,475,141,339
425,429,79,419
429,382,11,416
419,420,301,413
433,405,37,417
393,412,61,376
378,387,152,370
370,378,125,360
427,423,212,418
399,389,71,383
382,404,14,359
406,378,23,391
364,378,57,357
374,363,53,377
0,0,0,0
376,373,68,371
357,357,170,345
573,563,237,575
558,555,594,567
407,425,60,397
410,407,18,388
481,525,80,469
414,410,33,406
390,372,39,383
485,531,312,475
360,374,46,362
362,378,35,356
451,445,48,470
0,0,0,0
380,385,39,354
369,385,47,361
366,382,23,362
402,394,19,367
424,421,63,410
0,0,0,0
349,370,34,363
420,369,16,401
465,481,216,466
423,434,52,404
364,378,54,359
592,627,106,575
0,0,0,0
0,0,0,0
0,0,0,0
0,0,0,0
383,384,56,379
366,376,75,353
388,388,106,378
385,417,28,373
436,451,193,421
342,384,60,333
399,393,60,382
0,0,0,0
322,335,33,327
0,0,0,0
335,342,15,372
372,351,50,359
345,352,48,349
401,388,66,396
460,455,62,457
418,429,73,415
377,381,55,379
382,376,36,376
381,423,58,384
416,406,51,435
367,372,53,354
370,385,105,354
400,391,81,387
395,407,56,388
389,375,47,375
377,367,31,368
359,358,54,338
380,389,41,371
374,362,34,366
416,393,10,414
414,433,448,397
358,343,8,385
0,0,0,0
381,361,36,352
0,0,0,0
373,376,43,367
377,382,48,368
356,376,29,368
373,354,19,364
370,377,152,363
371,358,46,343
391,399,66,386
359,380,22,371
0,0,0,0
401,383,44,387
395,398,63,399
447,495,73,454
359,347,90,356
362,380,21,358
388,352,22,378
394,404,46,389
0,0,0,0
335,335,37,340
366,373,32,371
369,397,35,366
423,450,98,435
347,353,81,351
413,390,87,420
399,414,44,406
402,397,116,396
332,379,26,337
475,479,101,470
374,402,36,364
382,375,53,363
373,358,48,366
365,382,32,375
313,316,40,296
404,397,54,383
349,346,10,364
333,336,46,285
418,411,56,398
0,0,0,0
0,0,0,0
0,0,0,0
386,385,50,381
358,370,65,346
377,375,42,375
375,385,71,373
389,400,57,382
425,440,438,417
421,432,38,439
632,685,683,643
364,375,87,358
406,429,70,403
389,383,12,364
406,389,50,388
340,340,31,351
380,385,93,369
367,378,13,358
635,630,74,619
363,366,52,364
393,363,57,387
356,370,70,355
373,376,37,362
399,402,56,373
432,464,90,424
369,363,46,380
404,400,38,388
354,373,114,350
419,403,54,392
344,306,7,350
380,384,201,379
0,0,0,0
331,384,43,341
359,389,21,350
372,359,43,373
427,416,92,424
359,340,40,338
393,395,47,389
368,349,24,358
340,361,42,335
364,364,34,344
383,360,41,387
0,0,0,0
415,390,22,397
408,400,24,401
369,374,9,360
386,345,11,388
354,366,14,364
359,366,12,359
291,333,50,291
372,366,31,360
333,326,75,330
386,397,58,383
355,369,47,366
346,341,70,356
387,369,46,369
0,0,0,0
394,371,59,371
393,356,43,377
419,421,104,409
588,652,1047,581
414,415,104,412
367,361,103,360
416,386,40,408
403,384,19,377
366,380,20,362
453,469,50,441
390,360,87,373
323,281,9,310
476,477,168,445
362,369,59,349
373,377,28,359
377,366,70,365
536,534,50,527
381,381,52,366
365,375,102,373
385,390,82,384
360,390,80,354
397,377,44,387
399,393,44,367
375,386,58,369
0,0,0,0
353,359,73,340
0,0,0,0
0,0,0,0
375,386,16,394
0,0,0,0
374,365,50,374
385,380,63,375
406,409,50,393
393,372,75,370
373,395,65,368
402,414,45,382
365,358,44,360
356,352,9,343
363,382,11,381
370,348,17,348
416,417,71,425
387,371,17,368
429,421,29,424
369,367,143,366
367,364,34,364
0,0,0,0
401,412,50,404
400,405,31,399
388,373,12,374
0,0,0,0
0,0,0,0
0,0,0,0
381,344,17,360
302,339,32,325
382,387,81,381
357,391,21,343
358,378,25,372
361,376,71,365
371,366,54,381
445,425,68,415
392,390,49,381
412,427,83,420
391,396,45,388
385,351,37,381
356,358,20,366
459,482,113,452
419,413,282,411
355,358,121,348
328,341,42,338
372,373,128,364
0,0,0,0
365,352,29,336
0,0,0,0
400,395,22,391
0,0,0,0
0,0,0,0
0,0,0,0
0,0,0,0
389,358,20,369
0,0,0,0
0,0,0,0
0,0,0,0
0,0,0,0
361,365,24,365
0,0,0,0
0,0,0,0
435,428,61,414
353,379,140,341
0,0,0,0
0,0,0,0
376,375,29,363
369,372,23,380
371,363,49,356
370,371,28,376
0,0,0,0
413,419,184,403
0,0,0,0
0,0,0,0
398,402,50,378
355,367,49,355
0,0,0,0
409,471,317,407
450,471,221,440
416,486,581,409
387,492,385,377
363,443,33,369
355,395,35,355
422,459,66,418
370,427,33,381
327,367,40,315
386,429,379,385
0,0,0,0
472,503,686,468
414,465,349,396
0,0,0,0
0,0,0,0
385,393,56,361
426,419,86,418
402,351,13,380
493,543,725,491
449,478,641,445
380,416,192,380
543,578,239,559
459,460,109,446
394,372,37,375
416,396,50,414
347,371,18,323
376,358,24,368
349,329,35,341
385,378,12,391
396,389,59,389
407,432,65,417
411,420,67,407
0,0,0,0
0,0,0,0
545,548,42,541
379,427,251,372
398,431,269,391
386,402,32,373
355,428,75,359
363,372,127,363
420,440,49,421
415,428,130,401
444,494,289,427
416,413,7,364
0,0,0,0
325,415,57,311
438,485,50,442
429,425,56,421
391,423,302,389
372,398,278,366
0,0,0,0
637,644,273,642
449,471,61,462
434,422,22,422
486,551,697,492
457,530,808,454
402,411,343,398
472,531,732,467
438,455,144,433
393,390,65,387
455,423,63,420
0,0,0,0
0,0,0,0
0,0,0,0
0,0,0,0
377,372,102,362
393,390,114,380
350,369,31,360
380,401,397,380
399,424,302,404
0,0,0,0
421,464,87,424
0,0,0,0
346,351,22,338
468,491,627,462
393,400,153,391
385,400,498,385
455,490,529,439
525,532,89,515
613,650,99,612
408,429,62,412
0,0,0,0
372,388,46,381
406,415,42,394
394,358,55,388
425,435,68,418
413,402,18,388
429,402,20,403
405,430,59,405
406,412,60,391
388,389,52,380
383,371,45,370
0,0,0,0
405,456,322,408
418,434,296,408
506,495,153,499
440,452,140,424
343,447,147,346
502,505,120,515
560,587,64,570
0,0,0,0
508,523,86,502
431,446,282,434
437,442,237,425
439,441,373,430
459,482,698,467
463,482,531,457
474,431,10,397
411,429,48,386
638,673,287,617
382,369,36,374
0,0,0,0
389,390,82,376
363,364,72,358
355,361,49,353
394,420,29,395
357,345,30,351
0,0,0,0
0,0,0,0
0,0,0,0
0,0,0,0
0,0,0,0
407,421,10,400
0,0,0,0
0,0,0,0
390,381,9,398
404,423,7,416
339.21739130434787,346.50652173913073,86.98260869565215,333.71304347826106
